Unique Key,Latitude,Longitude
65138887,40.84624641081894,-73.94261085719263
65123399,40.85709346450945,-73.93244342839955
65098097,40.84604758805665,-73.9402400014605
65089629,40.85248771963391,-73.9276947480756
65088505,40.84984066373091,-73.93496654033319
65049495,40.86922407167794,-73.92220248436887
64989790,40.86914717879724,-73.92214110867016
64987574,40.86914717879724,-73.92214110867016
64813975,40.85358286292522,-73.93222649249064
64804060,40.86914717879724,-73.92214110867016
64734403,40.84604758805665,-73.9402400014605
64531230,40.857987949808134,-73.9319544921136
64432410,40.86902117841238,-73.9225208963145
62568555,40.85825579173524,-73.93473417962548
62540842,40.85671480582819,-73.93263179046106
62339271,40.85825579173524,-73.93473417962548
61499395,40.85671480582819,-73.93263179046106
61443523,40.85481372394093,-73.92970207470789
61415198,40.85671480582819,-73.93263179046106
61350781,40.85481372394093,-73.92970207470789
61221943,40.86187845400225,-73.92948853877418
61140632,40.87146121855882,-73.91474418432799
61146821,40.87122025204443,-73.91551464590012
61106098,40.86848323435348,-73.91855883540413
61084779,40.867782242243365,-73.92093149660451
61073637,40.85827331744331,-73.93181682879847
61067169,40.8498946126499,-73.93331100990974
61044430,40.86426072138255,-73.92082360738061
61032823,40.868496405044674,-73.921726077595
61013202,40.8531856542182,-73.93850573342334
61015939,40.870436053747305,-73.91659312005679
60988929,40.86821951872901,-73.91824098763226
60969740,40.86821951872901,-73.91824098763226
60953974,40.84536978963485,-73.9405189140908
60896808,40.866760994898165,-73.92061093162097
60868545,40.866456912730875,-73.9214573171432
60873088,40.868253571269136,-73.91983180031762
60858182,40.87194282198552,-73.91649721977907
60855489,40.857943024604346,-73.93496223265109
60851212,40.87092281330082,-73.91791586438526
60815293,40.85358286292522,-73.93222649249064
60804174,40.86848323435348,-73.91855883540413
60801362,40.86456038961465,-73.92154994150562
60801366,40.84515848454456,-73.94059138948407
60773597,40.8506856739921,-73.9343331551165
60716871,40.86456038961465,-73.92154994150562
60716872,40.85358286292522,-73.93222649249064
60723253,40.859754227509825,-73.92976915486484
60685643,40.86456038961465,-73.92154994150562
60646705,40.86456038961465,-73.92154994150562
60612032,40.85358286292522,-73.93222649249064
60609263,40.85358286292522,-73.93222649249064
60582004,40.86456038961465,-73.92154994150562
60543828,40.85482841856661,-73.93131428153016
60519513,40.86822455509854,-73.92154200316763
60387369,40.86456038961465,-73.92154994150562
60360319,40.87136253230875,-73.91871801754282
60359372,40.86902388181961,-73.92245942761978
60355731,40.86356518841314,-73.92322139496197
60185992,40.86456038961465,-73.92154994150562
59690060,40.859400721013536,-73.93069499296124
58834335,40.868496405044674,-73.921726077595
58817298,40.868496405044674,-73.921726077595
58798657,40.868496405044674,-73.921726077595
58707121,40.85255128587805,-73.93296494740626
58682805,40.84434242860346,-73.93393100337053
58657703,40.84516398512291,-73.94061307050866
58648622,40.84993120836548,-73.93491223307633
58606447,40.86187845400225,-73.92948853877418
58588017,40.8614995374538,-73.92924672138538
58304787,40.86187845400225,-73.92948853877418
58238394,40.84067787174882,-73.93821371259875
58228614,40.84984066373091,-73.93496654033319
58094919,40.86453965413356,-73.92336850033719
58091671,40.86655695619762,-73.92753844657459
58059908,40.86701519865037,-73.92310894630785
58044967,40.86701519865037,-73.92310894630785
57955749,40.86701519865037,-73.92310894630785
57931451,40.86320869920145,-73.92370625728256
57908785,40.86701519865037,-73.92310894630785
57902849,40.87147770232854,-73.91856601509859
57888645,40.85670361074392,-73.93711072498273
57837761,40.86456038961465,-73.92154994150562
57842755,40.85780037758186,-73.93509974251326
57804128,40.85255128587805,-73.93296494740626
57714657,40.85670361074392,-73.93711072498273
57590450,40.86356518841314,-73.92322139496197
57584618,40.86426072138255,-73.92082360738061
57369007,40.836748430729926,-73.94007850271866
57269965,40.83694606296753,-73.94010362185068
57268443,40.83780345280487,-73.9421411024755
57246162,40.837102715308745,-73.94049739427108
57230361,40.83780345280487,-73.9421411024755
57229204,40.85783978717273,-73.93204140398764
57165429,40.8371686702629,-73.94065634637518
57148482,40.85685812099135,-73.93365106360837
57113298,40.84108942656184,-73.9379314304408
57056241,40.85618507257834,-73.93749801193064
56975322,40.84353600559616,-73.93990251968059
55831518,40.865960435448784,-73.92608568423618
55622233,40.84051667850457,-73.93961973569444
55543745,40.84611618695997,-73.94020379608709
55425804,40.84241006551976,-73.93874338723752
55385206,40.841855199947624,-73.93793071595967
55281127,40.835435097764496,-73.9375138915808
55268972,40.85411044869137,-73.93818677519933
55242626,40.84604758805665,-73.9402400014605
55225037,40.872249587657464,-73.91945817134601
55229567,40.869129534075746,-73.92041647569287
55147574,40.85555405089912,-73.93797938496347
55079361,40.85327345576414,-73.93845143079314
55047642,40.84573975497789,-73.93942343397133
54996546,40.85353690854553,-73.9383788914449
54942246,40.84611618695997,-73.94020379608709
54708258,40.86733755367586,-73.92497057077335
54650932,40.86741245151251,-73.92202382717221
54650905,40.84516398512291,-73.94061307050866
54637497,40.86983292016351,-73.9175664903192
54578951,40.86671659471156,-73.92396616384117
54471195,40.87291842790918,-73.91822797824682
54457964,40.872249587657464,-73.91945817134601
54452548,40.8527637960447,-73.93030428747286
54250256,40.84672813231089,-73.9399646950751
54167650,40.86914717879724,-73.92214110867016
54114490,40.85693218837204,-73.93358230543065
54090035,40.87156342719683,-73.91947708125568
53796535,40.84191799006391,-73.93730541001818
53709422,40.84191799006391,-73.93730541001818
53709423,40.84132303450259,-73.93850585664424
53704570,40.84191799006391,-73.93730541001818
53697844,40.84191799006391,-73.93730541001818
53698723,40.84189739860538,-73.93987147267369
53693312,40.84191799006391,-73.93730541001818
53682845,40.84191799006391,-73.93730541001818
53663613,40.84191799006391,-73.93730541001818
53663614,40.84191799006391,-73.93730541001818
53663615,40.8421007565177,-73.94035197167139
53658834,40.8421007565177,-73.94035197167139
53656506,40.84191799006391,-73.93730541001818
53650778,40.842477685634194,-73.93689286636257
53651930,40.84206614526978,-73.93719684575302
53646365,40.842477685634194,-73.93689286636257
53649673,40.841254329992104,-73.93834328518099
53625972,40.841254329992104,-73.93834328518099
53579131,40.84721110429324,-73.9397799230405
53577089,40.86031319151627,-73.92821766674615
52079364,40.8421007565177,-73.94035197167139
51979769,40.83661448157966,-73.9467787166514
51930163,40.84130104985562,-73.93845527938397
51823694,40.85746290943155,-73.93533143126777
51823670,40.85746290943155,-73.93533143126777
51721978,40.857943024604346,-73.93496223265109
51726317,40.857279091458864,-73.93546897929161
51696340,40.857279091458864,-73.93546897929161
51580247,40.84516398512291,-73.94061307050866
51504085,40.84239812075434,-73.93695076860368
51404741,40.86421298376179,-73.92753738525039
51393586,40.8531856542182,-73.93850573342334
51341023,40.83454755190651,-73.94081407538783
51321002,40.864663955183104,-73.92888904710935
51289832,40.84754365943961,-73.94063986158703
51205383,40.84516398512291,-73.94061307050866
51208717,40.837182410540954,-73.94068885912193
51211362,40.84723039072944,-73.93992086855086
51196104,40.84516398512291,-73.94061307050866
51179600,40.845186202865115,-73.93596864418699
51150055,40.857943024604346,-73.93496223265109
51147379,40.84195852025513,-73.93613800175977
51119435,40.84700715687885,-73.93819337596233
51061367,40.85685135955484,-73.93147486551177
51044544,40.84646877375535,-73.937413167135
51010843,40.8662773906247,-73.92816784311718
50913129,40.850095488766385,-73.9392062063233
50899638,40.84431498964597,-73.93892596120688
50885619,40.84431498964597,-73.93892596120688
50839146,40.84149274457891,-73.93764553838606
50824781,40.84431498964597,-73.93892596120688
50809080,40.86713205292871,-73.92551313023468
50784772,40.85825579173524,-73.93473417962548
50685394,40.857943024604346,-73.93496223265109
50676230,40.857943024604346,-73.93496223265109
50630876,40.856966991429736,-73.93690803793301
50620422,40.85805613948628,-73.93600324883428
50624589,40.85490700851485,-73.92964413847032
50622388,40.8654081776248,-73.92107532086888
50618500,40.8584587991462,-73.93455684317838
50511713,40.85490700851485,-73.92964413847032
50503179,40.8584587991462,-73.93455684317838
50497634,40.8584587991462,-73.93455684317838
50469242,40.8584587991462,-73.93455684317838
50468021,40.868770371760874,-73.92098817137402
50462734,40.868770371760874,-73.92098817137402
50447666,40.85108799075497,-73.93718832738756
50424533,40.84570731752123,-73.94038126689149
50426795,40.868770371760874,-73.92098817137402
50408709,40.84993658419647,-73.93975576805198
50412647,40.84500932746128,-73.93878797977564
50414082,40.84546857293556,-73.94046822500994
50408667,40.84546857293556,-73.94046822500994
50399918,40.857943024604346,-73.93496223265109
50395311,40.85490700851485,-73.92964413847032
50401103,40.857943024604346,-73.93496223265109
50381416,40.85490700851485,-73.92964413847032
50383788,40.868770371760874,-73.92098817137402
50371615,40.85490700851485,-73.92964413847032
50371616,40.857943024604346,-73.93496223265109
50370808,40.85825579173524,-73.93473417962548
50370002,40.85825579173524,-73.93473417962548
50372463,40.86980003289866,-73.9176352286794
50375110,40.85825579173524,-73.93473417962548
50366413,40.85825579173524,-73.93473417962548
50351299,40.857943024604346,-73.93496223265109
50357771,40.857943024604346,-73.93496223265109
50339205,40.85490700851485,-73.92964413847032
50332854,40.84446560992583,-73.93828970876989
50321670,40.854992204324,-73.92982479121241
50306435,40.85108799075497,-73.93718832738756
50297110,40.85490700851485,-73.92964413847032
50298464,40.85632085432521,-73.93017765242645
50297111,40.868742976786194,-73.921064131631
50278894,40.85490700851485,-73.92964413847032
50268508,40.844553581369595,-73.93855347031213
50266201,40.85490700851485,-73.92964413847032
50238277,40.841050738799595,-73.94273099050761
50219779,40.84516398512291,-73.94061307050866
50199963,40.854992204324,-73.92982479121241
50162686,40.85333706583598,-73.92968917633054
50126516,40.8531856542182,-73.93850573342334
50120279,40.86926683106424,-73.92050670221448
50089191,40.85481372394093,-73.92970207470789
50080687,40.85403566560231,-73.92758823595051
50066819,40.85462115652687,-73.9289865404921
50063089,40.83708699946235,-73.93675342439944
50010800,40.85108799075497,-73.93718832738756
50011596,40.84626093810764,-73.93883381500979
47957969,40.85569718861193,-73.9387528390828
47933228,40.844268800743066,-73.93982234362393
47902978,40.85421693742624,-73.93716006881026
47870082,40.86125849849244,-73.92566793186856
47830324,40.86601686321042,-73.9201490415016
47797720,40.85827331744331,-73.93181682879847
47790374,40.86564341926971,-73.91991087110381
47778163,40.86570131574504,-73.92028319166829
47774830,40.836725420166786,-73.94342857571549
47741154,40.86729465150862,-73.92235297819512
47738451,40.86546235227003,-73.9240941378182
47708396,40.85118699615938,-73.93266992103403
47708444,40.836725420166786,-73.94342857571549
47712973,40.868369136160574,-73.92432221719166
47652590,40.84561987489184,-73.9411367439112
47648604,40.86597841996039,-73.92012377947943
47651125,40.859754227509825,-73.92976915486484
47603184,40.86570131574504,-73.92028319166829
47593577,40.86570131574504,-73.92028319166829
47590713,40.85118699615938,-73.93266992103403
47578242,40.86601686321042,-73.9201490415016
47571032,40.86601686321042,-73.9201490415016
47564155,40.836725420166786,-73.94342857571549
47545248,40.84550720516789,-73.94086938234166
47511774,40.84932121124222,-73.933730872472
47513055,40.85482728192759,-73.92943094675587
47502546,40.85618714687725,-73.93627255143198
47486232,40.83478653780957,-73.9468524540755
47464773,40.8501890345593,-73.9396362577399
47445341,40.857024230537526,-73.93139877308022
47429479,40.85602458827695,-73.93044546703426
47426993,40.85118147509611,-73.93261570687187
47347377,40.85118147509611,-73.93261570687187
47349447,40.85118147509611,-73.93261570687187
47345374,40.84628220824309,-73.93755068924962
47306400,40.84195852025513,-73.93613800175977
47278025,40.84820558918224,-73.94153204944597
47238197,40.85321491356963,-73.92745176858456
47202798,40.84820558918224,-73.94153204944597
47187361,40.84689003602759,-73.93989948945352
47194433,40.84250512281571,-73.93687476944211
47178049,40.84735682050765,-73.93517137747149
47142118,40.85110891922496,-73.93060242247068
47112234,40.84962139439125,-73.93077747356064
47115278,40.85441178955656,-73.93712012163478
47073044,40.867276028886835,-73.9192147239671
47041352,40.85827331744331,-73.93181682879847
47015962,40.84260815694683,-73.93963952246683
46992228,40.85021674919049,-73.93036840444063
46981936,40.85194472351711,-73.93789961254876
46938378,40.84318800615533,-73.94102324086667
46883660,40.84359371402877,-73.94003619433508
46868169,40.85403566560231,-73.92758823595051
46867155,40.8531856542182,-73.93850573342334
46858393,40.84561987489184,-73.9411367439112
46848132,40.842708163812766,-73.93675169432969
46844576,40.836733684413545,-73.94349000438939
46796029,40.86817731486439,-73.92479246013716
46793638,40.83940400814985,-73.93762219805092
46799032,40.87278705047984,-73.91874881862087
46785703,40.87136253230875,-73.91871801754282
46780487,40.86888690644382,-73.92284645791617
46780371,40.869766757416,-73.92107737897116
46779122,40.86799925491076,-73.92532414949714
46780488,40.836733684413545,-73.94349000438939
46785773,40.86827324466006,-73.92458626361724
46775947,40.868267734000455,-73.92455372965492
46773391,40.86874992976658,-73.92323348661806
46775991,40.87136253230875,-73.91871801754282
46775944,40.8375965192346,-73.94556004284668
46747344,40.84754365943961,-73.94063986158703
46739950,40.87289918174896,-73.91818099611028
46718329,40.83949537535658,-73.93910385850555
46713328,40.86024195513732,-73.92842019162248
46681255,40.84488160248034,-73.9412422121087
46679646,40.84515848454456,-73.94059138948407
46640728,40.836139402067694,-73.946251477162
46627814,40.84962139439125,-73.93077747356064
46617238,40.84962139439125,-73.93077747356064
46598386,40.853830001395245,-73.93728333737317
46604971,40.84569852930399,-73.93931865530759
46514666,40.84546857293556,-73.94046822500994
46511549,40.850167724962915,-73.93575420224671
46505357,40.85251766510806,-73.93179742586427
46500626,40.85371678294032,-73.92680055932782
46505356,40.85377135195653,-73.93071893264542
46508180,40.84569852930399,-73.93931865530759
46486747,40.85372345639162,-73.92869108629856
46494806,40.84962139439125,-73.93077747356064
46489360,40.85827225379611,-73.93472331836472
46488761,40.85827225379611,-73.93472331836472
46481881,40.84962139439125,-73.93077747356064
46481894,40.8508423095683,-73.9299845986117
46455891,40.84962139439125,-73.93077747356064
46427848,40.8512869158077,-73.93963526138845
46407215,40.858464327484626,-73.93462552360904
46387824,40.85455227387157,-73.93805261576058
46388812,40.854901084954896,-73.93848968798046
46386798,40.85226691618461,-73.93990547515098
46367613,40.87263074543176,-73.91895149534369
46368533,40.86643225721365,-73.92152604037267
46359652,40.86560268874576,-73.9205472366042
46358675,40.84962139439125,-73.93077747356064
46346783,40.83281989989229,-73.94384746646001
46326440,40.865613197498654,-73.91986752228182
46315002,40.86601686321042,-73.9201490415016
46298032,40.860003581586255,-73.92909286230068
46284310,40.8656516408073,-73.91989278401711
46287807,40.87263074543176,-73.91895149534369
46285470,40.87302288994266,-73.91845926340582
46264902,40.85432153008632,-73.92825305176727
46270489,40.85432153008632,-73.92825305176727
46264932,40.86605805114987,-73.9201743002583
46269477,40.84962139439125,-73.93077747356064
46263868,40.85994601173899,-73.92920499260264
46256472,40.84962139439125,-73.93077747356064
46258298,40.86693554228274,-73.91900905371033
46260250,40.84600972268756,-73.93616302740145
46261185,40.84516398512291,-73.94061307050866
46262993,40.84962139439125,-73.93077747356064
46256460,40.84423098168261,-73.94099701628599
46253554,40.859978923712774,-73.9291651911567
46239362,40.84600972268756,-73.93616302740145
46239314,40.84516398512291,-73.94061307050866
46244728,40.84962139439125,-73.93077747356064
46235930,40.84516398512291,-73.94061307050866
46236089,40.83281989989229,-73.94384746646001
46227831,40.84600972268756,-73.93616302740145
46226907,40.83281989989229,-73.94384746646001
46224076,40.872249587657464,-73.91945817134601
46223079,40.85994990324005,-73.93109931485564
46214036,40.86590678189336,-73.91972616592787
46209211,40.83281989989229,-73.94384746646001
46211642,40.86590678189336,-73.91972616592787
46204320,40.860003581586255,-73.92909286230068
46200925,40.83281989989229,-73.94384746646001
46200034,40.85879527967038,-73.93261522280122
46200999,40.85886936331309,-73.9325753819932
46201000,40.86737039824079,-73.9248295280338
46196803,40.85886936331309,-73.9325753819932
46194763,40.85765109105208,-73.93322008734403
46202004,40.86608000370894,-73.9201670429861
46188969,40.859965222409755,-73.9292013570255
46189051,40.86103107825989,-73.92627553723854
46188970,40.85834528600236,-73.93285065629014
46179002,40.859965222409755,-73.9292013570255
46171918,40.859965222409755,-73.9292013570255
46172758,40.832666021299,-73.94348984559014
46168839,40.83478653780957,-73.9468524540755
46167237,40.85827331744331,-73.93181682879847
46168840,40.853548989868415,-73.93065048346598
46150584,40.859965222409755,-73.9292013570255
46146763,40.84962139439125,-73.93077747356064
46150550,40.83406100800248,-73.94487994277772
46149558,40.859965222409755,-73.9292013570255
46147781,40.83286566248086,-73.94203337318314
46132005,40.857024230537526,-73.93139877308022
46124250,40.834966437639864,-73.94420341788933
46125227,40.85651687272741,-73.92758191961772
46129158,40.84962139439125,-73.93077747356064
46121360,40.84962139439125,-73.93077747356064
46106647,40.867276028886835,-73.9192147239671
46109645,40.859965222409755,-73.9292013570255
46115407,40.86326314171466,-73.92302651709883
46109646,40.8663348510651,-73.92788215861218
46111971,40.86815543030659,-73.92490456765046
46113187,40.86833078152737,-73.92443072831713
46065150,40.86559673936841,-73.91988200384992
46031352,40.867276028886835,-73.9192147239671
46034519,40.85490700851485,-73.92964413847032
46027774,40.867276028886835,-73.9192147239671
46025435,40.86326314171466,-73.92302651709883
45900627,40.84611618695997,-73.94020379608709
45863695,40.859965222409755,-73.9292013570255
45865982,40.84578964560743,-73.94035589260733
45858155,40.86657428096715,-73.92050268991078
45860881,40.86326314171466,-73.92302651709883
45860882,40.859965222409755,-73.9292013570255
45859965,40.859965222409755,-73.9292013570255
45863322,40.86693554228274,-73.91900905371033
45863362,40.86657426601968,-73.92048099700563
45843886,40.867276028886835,-73.9192147239671
45846999,40.859978923712774,-73.9291651911567
45849800,40.86693554228274,-73.91900905371033
45845984,40.86639578105554,-73.92036551515565
45827200,40.84243950798371,-73.93734828861889
45818443,40.867276028886835,-73.9192147239671
45818444,40.84536978963485,-73.9405189140908
45820686,40.86697469917885,-73.92005750362367
45811018,40.854992204324,-73.92982479121241
45795149,40.84515848454456,-73.94059138948407
45784980,40.859965222409755,-73.9292013570255
45789876,40.85454141756021,-73.92875527633016
45788770,40.859965222409755,-73.9292013570255
45773783,40.866760994898165,-73.92061093162097
45795453,40.86769186022512,-73.92121361680864
45793445,40.867276028886835,-73.9192147239671
45773855,40.86707880185563,-73.91977536833471
45773821,40.86687059331422,-73.92033602252894
45810520,40.859965222409755,-73.9292013570255
45795470,40.85825579173524,-73.93473417962548
45795147,40.850625315207665,-73.93437659014252
45795259,40.849398748975645,-73.93023913682822
45760084,40.859754227509825,-73.92976915486484
45763123,40.860003581586255,-73.92909286230068
45760085,40.860003581586255,-73.92909286230068
45749716,40.859965222409755,-73.9292013570255
45733667,40.859965222409755,-73.9292013570255
45735613,40.859965222409755,-73.9292013570255
45682928,40.85658921307324,-73.93377785490433
45670649,40.86693554228274,-73.91900905371033
45648407,40.867276028886835,-73.9192147239671
45634648,40.852321215318966,-73.93877402130026
45544407,40.867276028886835,-73.9192147239671
45163909,40.85226234034135,-73.92719616324084
43859110,40.84724796660464,-73.93685581083196
43859781,40.84737440259651,-73.93718460512773
43823261,40.85707945883282,-73.93678863721824
43730666,40.84157586779239,-73.93910918229734
43634918,40.84769639192415,-73.93878189261154
43588934,40.85248771963391,-73.9276947480756
43533209,40.84721110429324,-73.9397799230405
43237584,40.83315790802643,-73.94469278009234
43226445,40.839513919395486,-73.93784977799994
43218289,40.83542937652239,-73.94233831197468
43216025,40.867352163430986,-73.92216490351268
43171307,40.842524682124534,-73.93751084648143
43114980,40.866456912730875,-73.9214573171432
43032995,40.866760994898165,-73.92061093162097
43001117,40.859992625004416,-73.92912902527299
42954713,40.86712811075801,-73.9196379191903
42959839,40.850907431491954,-73.93828373230163
42950720,40.867276028886835,-73.9192147239671
42944320,40.85546829592331,-73.9367467898637
42943013,40.864663955183104,-73.92888904710935
42923223,40.86914717879724,-73.92214110867016
42922375,40.85623719445829,-73.93744735400415
42918150,40.865535758901885,-73.92726840202711
42888001,40.84962139439125,-73.93077747356064
42884198,40.847059741051226,-73.93901018735767
42884200,40.85681847679716,-73.93156527330254
42862752,40.85677701499685,-73.93583457679512
42870968,40.859343307567656,-73.9310710225364
42866867,40.86085976047352,-73.9288208112365
42856631,40.859992625004416,-73.92912902527299
42847013,40.84893882297593,-73.93707107740241
42849541,40.85681847679716,-73.93156527330254
42834642,40.853059419116335,-73.93854561240451
42842517,40.84309324512407,-73.93826929658307
42810220,40.857024230537526,-73.93139877308022
42808984,40.85623719445829,-73.93744735400415
42787847,40.836729967046125,-73.94153852066452
42789796,40.85681847679716,-73.93156527330254
42757420,40.85825579173524,-73.93473417962548
42748797,40.85623719445829,-73.93744735400415
42742156,40.85462115652687,-73.9289865404921
42744858,40.85546829592331,-73.9367467898637
42748798,40.85509784049095,-73.93689173668447
42750074,40.859992625004416,-73.92912902527299
42750075,40.852120901884454,-73.9388681879122
42733080,40.85371678294032,-73.92680055932782
42722218,40.85462115652687,-73.9289865404921
42719482,40.85491621840445,-73.9360351888741
42707922,40.85608289016741,-73.93634856456971
42682541,40.85462115652687,-73.9289865404921
42633694,40.867276028886835,-73.9192147239671
42640618,40.85416834340433,-73.93370435416593
42640619,40.85462115652687,-73.9289865404921
42630292,40.85537774655205,-73.936793869392
42631448,40.83406100800248,-73.94487994277772
42619772,40.83427258116686,-73.94536400745557
42611320,40.83406100800248,-73.94487994277772
42613696,40.83406100800248,-73.94487994277772
42553296,40.85490700851485,-73.92964413847032
42553297,40.859992625004416,-73.92912902527299
42515423,40.85462115652687,-73.9289865404921
42507459,40.859992625004416,-73.92912902527299
42400773,40.84536978963485,-73.9405189140908
42262534,40.867276028886835,-73.9192147239671
42260118,40.859992625004416,-73.92912902527299
42246729,40.84712176751515,-73.93696074907858
42244330,40.859992625004416,-73.92912902527299
42240608,40.859992625004416,-73.92912902527299
42241798,40.867352163430986,-73.92216490351268
42244178,40.86780994129924,-73.92130025021115
42203396,40.859992625004416,-73.92912902527299
42202096,40.86064748796568,-73.92732797540657
42184135,40.863032943232454,-73.92782427929585
42186340,40.86064748796568,-73.92732797540657
42169188,40.84672578941482,-73.93562017903595
42141273,40.86064748796568,-73.92732797540657
42128632,40.850690177656794,-73.93749956064562
42115677,40.87147770232854,-73.91856601509859
42096229,40.87147770232854,-73.91856601509859
42063847,40.84703223662135,-73.93890177984383
42054500,40.84724796660464,-73.93685581083196
42047127,40.86741245151251,-73.92202382717221
42038105,40.86769186022512,-73.92121361680864
42040447,40.864663955183104,-73.92888904710935
41952793,40.850907431491954,-73.93828373230163
41948857,40.850907431491954,-73.93828373230163
41942172,40.84243950798371,-73.93734828861889
41776444,40.86323822887115,-73.92692384541492
41753710,40.86110687463308,-73.92896876952953
40274836,40.84703223662135,-73.93890177984383
39813110,40.86123319522956,-73.92907347531003
39777641,40.84691111350343,-73.93823322379754
39563935,40.84291667223613,-73.93658885704805
39545766,40.865535758901885,-73.92726840202711
39534427,40.86085976047352,-73.9288208112365
39455907,40.85607396454203,-73.93039842148949
39441134,40.84371916370916,-73.9385036416378
39437698,40.85282835380642,-73.9375951494348
39395081,40.850959015292794,-73.93723543947348
39373513,40.85542649993928,-73.93087264843139
39375927,40.84999638667282,-73.93865326532294
39357477,40.86110687463308,-73.92896876952953
39341269,40.85659109294154,-73.92776258601513
39297956,40.867276028886835,-73.9192147239671
39276339,40.86110687463308,-73.92896876952953
39190554,40.866760994898165,-73.92061093162097
39161865,40.84191799006391,-73.93730541001818
39158500,40.86914717879724,-73.92214110867016
39132924,40.8469644777365,-73.93543922698359
38888995,40.865535758901885,-73.92726840202711
38867335,40.86769186022512,-73.92121361680864
38577200,40.86411279974097,-73.92125039518714
38570239,40.86445798357896,-73.92030637430932
37354412,40.868770371760874,-73.92098817137402
37078284,40.84830001908563,-73.93344995935585
37027749,40.8606413702873,-73.93076961853622
37022927,40.866760994898165,-73.92061093162097
36995359,40.867641267747494,-73.92352762562258
36993783,40.84429395207422,-73.93557193270345
36938613,40.8444311449586,-73.93549589988208
36931797,40.865535758901885,-73.92726840202711
36930161,40.86618802112048,-73.93013113761724
36828866,40.87302288994266,-73.91845926340582
36782733,40.8644936221606,-73.92024487024199
36534059,40.83882344002816,-73.94563493239124
36475482,40.84830001908563,-73.93344995935585
36442290,40.84167930252478,-73.93749356991134
36445187,40.84485412042008,-73.9411735645696
36412308,40.83646958810112,-73.93702505013701
36410101,40.87249773707309,-73.91717267927005
36336801,40.850095488766385,-73.9392062063233
36331287,40.84801838899181,-73.94043702717887
36272481,40.84181010741005,-73.9357803442978
36271285,40.8452999850395,-73.93826002009277
36245981,40.84243950798371,-73.93734828861889
36200237,40.866760994898165,-73.92061093162097
36195639,40.86670560401826,-73.92394809893678
36187844,40.87278705047984,-73.91874881862087
36188473,40.87136253230875,-73.91871801754282
36170994,40.83646958810112,-73.93702505013701
36142689,40.85659109294154,-73.92776258601513
36135806,40.85597858128432,-73.92705834363734
36139401,40.84485412042008,-73.9411735645696
36131388,40.85659109294154,-73.92776258601513
36132109,40.84754365943961,-73.94063986158703
36127867,40.8479991031889,-73.94029607984919
36095475,40.84485412042008,-73.9411735645696
36078461,40.83646958810112,-73.93702505013701
36068741,40.84801838899181,-73.94043702717887
36061895,40.85497848521712,-73.92983203540028
36050306,40.86567824545483,-73.9268922406144
36050305,40.86670560401826,-73.92394809893678
36021333,40.861592751649304,-73.92474206293129
36021358,40.86064748796568,-73.92732797540657
36008801,40.83646958810112,-73.93702505013701
35951957,40.850095488766385,-73.9392062063233
35937378,40.85659109294154,-73.92776258601513
35935732,40.84485412042008,-73.9411735645696
35929137,40.84737575826299,-73.93972555733225
35919444,40.84485412042008,-73.9411735645696
35916073,40.86064748796568,-73.92732797540657
35907689,40.84485412042008,-73.9411735645696
35904412,40.84485412042008,-73.9411735645696
35902971,40.86341142763627,-73.92313480491897
35898724,40.84468649919236,-73.94079421162749
35873680,40.84561438548065,-73.94113674876871
35853950,40.87061976757753,-73.91634340581678
35846176,40.85076094851283,-73.93161849577803
35848951,40.84424404365834,-73.93971755210634
35845300,40.84468649919236,-73.94079421162749
35826833,40.8693190628289,-73.91673191529007
35823342,40.86781425054724,-73.92362866221902
35822503,40.8680964442142,-73.92286183732195
35822502,40.8680964442142,-73.92286183732195
35814731,40.87056089580695,-73.91845505104722
35800322,40.87056089580695,-73.91845505104722
35799028,40.84424404365834,-73.93971755210634
35802333,40.845026772152856,-73.94065656479037
35803391,40.84635448154465,-73.93925661234064
35780863,40.868021139876795,-73.92521204238521
35761160,40.84619211668759,-73.93845075414364
35760098,40.86341142763627,-73.92313480491897
35757005,40.84359371402877,-73.94003619433508
35645565,40.84619211668759,-73.93845075414364
35637851,40.86769186022512,-73.92121361680864
35593476,40.86769186022512,-73.92121361680864
35582370,40.84628290533072,-73.938851866729
35582354,40.84635448154465,-73.93925661234064
35581354,40.84231307629744,-73.93702674673511
35585361,40.868113536577496,-73.91975242658049
35546754,40.84291667223613,-73.93658885704805
34686984,40.84182769447864,-73.9378223173734
34455013,40.84485412042008,-73.9411735645696
34450663,40.87289918174896,-73.91818099611028
34321675,40.84754365943961,-73.94063986158703
34309815,40.84485412042008,-73.9411735645696
34251553,40.849542289096355,-73.93639819816639
34249612,40.83548859223109,-73.94558345047454
34180379,40.84721110429324,-73.9397799230405
33976276,40.84783950740333,-73.9395227268926
33943244,40.84619211668759,-73.93845075414364
33888925,40.84604758805665,-73.9402400014605
33858754,40.837779677824486,-73.94402036238559
33831086,40.87249773707309,-73.91717267927005
33834641,40.84738723729965,-73.94069060338612
33832359,40.84604758805665,-73.9402400014605
33832242,40.837779677824486,-73.94402036238559
33833378,40.837779677824486,-73.94402036238559
33831015,40.837779677824486,-73.94402036238559
33823501,40.84604758805665,-73.9402400014605
33764891,40.84536978963485,-73.9405189140908
33747058,40.86127079550249,-73.92774304213636
33751785,40.85132293556601,-73.94028586705404
33751005,40.87302288994266,-73.91845926340582
33744810,40.864038269536,-73.92472844937888
33743062,40.84536978963485,-73.9405189140908
33725193,40.837779677824486,-73.94402036238559
33695680,,
33616370,40.84737575826299,-73.93972555733225
33562603,40.86194011975497,-73.92713495543542
33555085,40.86194011975497,-73.92713495543542
33537475,40.8685352762629,-73.91840691672459
33530534,40.83842627427918,-73.94168881621687
33469486,40.861093144466295,-73.92895793862748
33469350,40.83923235901528,-73.94554424821676
33467085,40.87263074543176,-73.91895149534369
33467239,40.87275894553624,-73.9178195863142
33463491,40.86734453983834,-73.91906278851496
33442555,40.85659109294154,-73.92776258601513
33444606,40.83414249481127,-73.94311999167427
33435074,40.85659109294154,-73.92776258601513
33426461,40.856607586032545,-73.92780233249792
33426462,40.84485412042008,-73.9411735645696
33426607,40.83842627427918,-73.94168881621687
33422250,40.867276028886835,-73.9192147239671
33424596,40.86895885480603,-73.91583207771643
33401582,40.867276028886835,-73.9192147239671
33384367,40.86895885480603,-73.91583207771643
33336325,40.83717788658009,-73.9425969965216
33335256,40.86132104555545,-73.9291059184302
33323986,40.86132104555545,-73.9291059184302
33306297,40.86221617753495,-73.92969424994442
33297899,40.83842627427918,-73.94168881621687
33302827,40.85415657564704,-73.93719988876718
33300383,40.84801838899181,-73.94043702717887
33304016,40.838019554325456,-73.9407025685327
33287599,40.83842627427918,-73.94168881621687
33250324,40.86128260423441,-73.92908065301434
33237663,40.838019554325456,-73.9407025685327
33229210,40.85555721282736,-73.92916990035032
33226341,40.85659933835734,-73.92778065178295
33224236,40.84485412042008,-73.9411735645696
33228230,40.837779677824486,-73.94402036238559
33226191,40.83842627427918,-73.94168881621687
33216895,40.84485412042008,-73.9411735645696
33222595,40.87302288994266,-73.91845926340582
33212980,40.83646958810112,-73.93702505013701
33204892,40.85659933835734,-73.92778065178295
33206662,40.8431942611118,-73.9372716792551
33205431,40.845332288693854,-73.94234057093205
33204304,40.838019554325456,-73.9407025685327
33203671,40.86914717879724,-73.92214110867016
33197799,40.859992625004416,-73.92912902527299
33193609,40.85651686365016,-73.92756745986682
33190030,40.84672813231089,-73.9399646950751
33162946,40.83646958810112,-73.93702505013701
33147905,40.85555721282736,-73.92916990035032
33137208,40.84561438548065,-73.94113674876871
33133524,40.85659933835734,-73.92778065178295
33130578,40.84619211668759,-73.93845075414364
33128746,40.84619211668759,-73.93845075414364
33121791,40.84604758805665,-73.9402400014605
33102355,40.838019554325456,-73.9407025685327
33075806,40.85659109294154,-73.92776258601513
33070978,40.84485412042008,-73.9411735645696
33070975,40.84363495031729,-73.94016265555676
33044039,40.84423098168261,-73.94099701628599
33036277,40.85490700851485,-73.92964413847032
33039525,40.838019554325456,-73.9407025685327
33012859,40.85659109294154,-73.92776258601513
33014289,40.84468649919236,-73.94079421162749
32998704,40.838019554325456,-73.9407025685327
32997574,40.83780345280487,-73.9421411024755
32991335,40.84561438548065,-73.94113674876871
32988955,40.84555392624278,-73.94098861416366
32986452,40.84536978963485,-73.9405189140908
32984660,40.83717788658009,-73.9425969965216
32978850,40.84624988253467,-73.93868924989978
32981544,40.84468649919236,-73.94079421162749
32976833,40.83747506765,-73.94412903584575
32978811,40.83780345280487,-73.9421411024755
32977895,40.838019554325456,-73.9407025685327
32982754,40.838019554325456,-73.9407025685327
32974056,40.84624988253467,-73.93868924989978
32968854,40.84468649919236,-73.94079421162749
32962556,40.84307056405581,-73.93693206023072
32963651,40.84485412042008,-73.9411735645696
32965687,40.84468649919236,-73.94079421162749
32965688,40.84624988253467,-73.93868924989978
32963652,40.84423098168261,-73.94099701628599
32948428,40.85597858128432,-73.92705834363734
32949059,40.84322272826247,-73.93917634500083
32935785,40.84721110429324,-73.9397799230405
32938176,40.86307930357541,-73.92734700978879
32933348,40.84115227324087,-73.94269114794734
32937304,40.86456038961465,-73.92154994150562
32926153,40.85057047446612,-73.93949494152928
32923933,40.8501890345593,-73.9396362577399
32931539,40.8501890345593,-73.9396362577399
32929418,40.850095488766385,-73.9392062063233
32930477,40.8501890345593,-73.9396362577399
32926130,40.86252308065015,-73.928873259973
32919848,40.84486686826,-73.93929049950164
32919849,40.84486686826,-73.93929049950164
32917772,,
32920829,40.84999364196937,-73.93865326785433
32915773,40.85512963679983,-73.93014998403282
32911536,40.84619211668759,-73.93845075414364
32896483,40.84468649919236,-73.94079421162749
32897118,40.838103908983975,-73.94475733315676
32884238,40.84291667223613,-73.93658885704805
32870885,40.86847324685862,-73.9240364670756
32863469,40.84485412042008,-73.9411735645696
32866236,40.845332288693854,-73.94234057093205
32864399,40.84619211668759,-73.93845075414364
32866287,40.84757882294135,-73.93964224088579
32856265,40.85488890086641,-73.93148050224339
32862577,40.85372345639162,-73.92869108629856
32858319,40.844480679610534,-73.94085945195401
32860292,40.83530941258234,-73.94396823407129
32860238,40.838019554325456,-73.9407025685327
32830120,40.84468649919236,-73.94079421162749
32832805,40.83530941258234,-73.94396823407129
32832813,40.84628290533072,-73.938851866729
31628425,40.83842627427918,-73.94168881621687
31457085,40.85311596999567,-73.92723860593948
31418927,40.85311596999567,-73.92723860593948
31406058,40.842956771839226,-73.93466967699742
31394465,40.867276028886835,-73.9192147239671
31387243,40.867276028886835,-73.9192147239671
31391432,40.868496405044674,-73.921726077595
31390431,40.86914717879724,-73.92214110867016
31322576,40.83717788658009,-73.9425969965216
31305722,40.837779677824486,-73.94402036238559
31291127,40.83392697527902,-73.94028702542985
31276298,40.87302288994266,-73.91845926340582
31254965,40.84513810152414,-73.93836137134306
31221927,40.849914384397294,-73.92963134638401
31223149,40.846390603104275,-73.94009873211267
31154773,40.846390603104275,-73.94009873211267
31150886,40.846390603104275,-73.94009873211267
31113188,40.86439499522772,-73.92050891043958
31099290,40.867276028886835,-73.9192147239671
31077998,40.86649664549983,-73.92765420773874
31060877,40.86914717879724,-73.92214110867016
31028641,40.84738723729965,-73.94069060338612
31030745,40.84468649919236,-73.94079421162749
31034982,40.84394176122344,-73.93902388879225
31015020,40.86701519865037,-73.92310894630785
31008183,40.86702888727479,-73.91904509514228
30980864,40.8686211643266,-73.92358796390738
30984445,40.8686211643266,-73.92358796390738
30983411,40.866426745689424,-73.92149350756465
30964687,40.86439499522772,-73.92050891043958
30961311,40.86702888727479,-73.91904509514228
30963537,40.86914717879724,-73.92214110867016
30958072,40.84721110429324,-73.9397799230405
30955333,40.86868693392675,-73.9234324174487
30954602,40.86868693392675,-73.9234324174487
30956767,40.86694999597032,-73.9284165865752
30945663,40.86439499522772,-73.92050891043958
30941190,40.85462115652687,-73.9289865404921
30899420,40.837779677824486,-73.94402036238559
30889700,40.84697990099863,-73.93855122902285
30770801,40.865797182404705,-73.91999745659871
30774703,40.866426745689424,-73.92149350756465
30768721,40.86411279974097,-73.92125039518714
30737696,40.8667415916192,-73.9287277435673
30721768,40.86542187636733,-73.92103915036589
30695732,40.86620047158243,-73.9280594622068
30683246,40.86510132036433,-73.92188192082645
30675923,40.865797182404705,-73.91999745659871
30679392,40.865797182404705,-73.91999745659871
30675029,40.86510132036433,-73.92188192082645
30662493,40.85432153008632,-73.92825305176727
30663661,40.86510132036433,-73.92188192082645
30654693,40.84468649919236,-73.94079421162749
30656795,40.865797182404705,-73.91999745659871
30649108,40.84441388813224,-73.93410080366462
30645482,40.84468649919236,-73.94079421162749
30637385,40.866314951203755,-73.91859764559992
30639970,40.865797182404705,-73.91999745659871
30636015,40.85251766510806,-73.93179742586427
30632330,40.865797182404705,-73.91999745659871
30621545,40.866314951203755,-73.91859764559992
30614100,40.866314951203755,-73.91859764559992
30600933,40.867276028886835,-73.9192147239671
30595315,40.867276028886835,-73.9192147239671
30558198,40.866314951203755,-73.91859764559992
30554121,40.834492261994505,-73.94004801103432
30540343,40.857564772704045,-73.93112347575592
30541310,40.83749703232736,-73.94414347302468
30535463,40.844679997257685,-73.93885334015837
30538012,40.844480679610534,-73.94085945195401
30535414,40.844480679610534,-73.94085945195401
30534743,40.83805813537519,-73.94664023216546
30522816,40.86510132036433,-73.92188192082645
30520015,40.866314951203755,-73.91859764559992
30514386,40.866314951203755,-73.91859764559992
30508385,40.866314951203755,-73.91859764559992
30496156,40.866314951203755,-73.91859764559992
30492020,40.867276028886835,-73.9192147239671
30486645,40.86510132036433,-73.92188192082645
30484201,40.865797182404705,-73.91999745659871
30485905,40.865797182404705,-73.91999745659871
30486031,40.867276028886835,-73.9192147239671
30480226,40.86510132036433,-73.92188192082645
30480310,40.86510132036433,-73.92188192082645
30471190,40.864099615985936,-73.91808336186585
30454641,40.84721110429324,-73.9397799230405
30454642,40.83707716517032,-73.94429560863928
30460686,40.8374810891736,-73.94523849972839
30451792,40.85482841856661,-73.93131428153016
30445583,40.86510132036433,-73.92188192082645
30451771,40.87147770232854,-73.91856601509859
30425943,40.866314951203755,-73.91859764559992
30421842,40.865797182404705,-73.91999745659871
30414715,40.866314951203755,-73.91859764559992
30417702,40.867276028886835,-73.9192147239671
30415703,40.865797182404705,-73.91999745659871
30417703,40.837779677824486,-73.94402036238559
30404700,40.85903026260549,-73.93082190668932
30407370,40.837779677824486,-73.94402036238559
30399621,40.86510132036433,-73.92188192082645
30391424,40.844480679610534,-73.94085945195401
30390410,40.865797182404705,-73.91999745659871
30385044,40.86510132036433,-73.92188192082645
30380230,40.86510132036433,-73.92188192082645
30377404,40.865797182404705,-73.91999745659871
30374757,40.865797182404705,-73.91999745659871
30375665,40.86341142763627,-73.92313480491897
30343150,40.86914717879724,-73.92214110867016
30338306,40.86914717879724,-73.92214110867016
30335750,40.86510132036433,-73.92188192082645
30336743,40.85715352723349,-73.92739686268361
30337765,40.865797182404705,-73.91999745659871
30334774,,
30331630,40.84167930252478,-73.93749356991134
30316702,40.86458352362867,-73.92329975758724
30321565,40.86411279974097,-73.92125039518714
30303712,40.84468649919236,-73.94079421162749
30300467,40.84415709014266,-73.94141995119506
30304577,40.83937652586606,-73.93755717166616
30301525,40.8374810891736,-73.94523849972839
30280651,40.87147770232854,-73.91856601509859
30276472,40.84468649919236,-73.94079421162749
30277455,40.84441388813224,-73.93410080366462
30275377,40.86256141047483,-73.92871776242376
30248831,40.84441388813224,-73.93410080366462
30252933,40.844679997257685,-73.93885334015837
30249893,40.84801838899181,-73.94043702717887
30248832,40.87147770232854,-73.91856601509859
30250946,40.866417121818586,-73.92776998956143
30245726,40.84721110429324,-73.9397799230405
30245700,40.85659109294154,-73.92776258601513
